=== Run information ===

Scheme:weka.classifiers.lazy.IBk -K 10 -W 0 -A "weka.core.neighboursearch.LinearNNSearch -A \"weka.core.EuclideanDistance -R first-last\""
Relation:     SpaceIdTrain-weka.filters.unsupervised.attribute.Remove-R1-weka.filters.unsupervised.attribute.NumericToNominal-R33
Instances:    18937
Attributes:   34
              WAP009
              WAP014
              WAP015
              WAP021
              WAP035
              WAP037
              WAP038
              WAP126
              WAP147
              WAP155
              WAP157
              WAP168
              WAP178
              WAP179
              WAP180
              WAP195
              WAP197
              WAP214
              WAP231
              WAP286
              WAP335
              WAP338
              WAP367
              WAP373
              WAP439
              WAP443
              WAP460
              WAP463
              WAP467
              WAP483
              WAP508
              WAP518
              SPACEID
              USERID
Test mode:evaluate on training data

=== Classifier model (full training set) ===

IB1 instance-based classifier
using 10 nearest neighbour(s) for classification


Time taken to build model: 0 seconds

=== Evaluation on training set ===
=== Summary ===

Correctly Classified Instances        5223               27.5809 %
Incorrectly Classified Instances     13714               72.4191 %
Kappa statistic                          0.265 
Mean absolute error                      0.0132
Root mean squared error                  0.081 
Relative absolute error                 80.6733 %
Root relative squared error             89.6601 %
Total Number of Instances            18937     

=== Detailed Accuracy By Class ===

               TP Rate   FP Rate   Precision   Recall  F-Measure   ROC Area  Class
                 0.966     0          0.757     0.966     0.848      1        1
                 0.66      0.001      0.688     0.66      0.673      0.999    2
                 0.406     0.001      0.609     0.406     0.487      0.998    3
                 0.66      0.002      0.5       0.66      0.569      0.998    4
                 0.3       0          0.706     0.3       0.421      0.998    5
                 0.729     0.001      0.729     0.729     0.729      0.999    6
                 0.895     0.002      0.507     0.895     0.648      0.999    7
                 0.732     0.002      0.562     0.732     0.636      0.999    8
                 0.517     0.001      0.534     0.517     0.525      0.996    9
                 0.753     0          0.905     0.753     0.822      0.998    10
                 0         0          0         0         0          0.999    12
                 1         0.002      0.303     1         0.465      0.999    13
                 0.567     0.001      0.447     0.567     0.5        0.999    15
                 0.357     0.001      0.536     0.357     0.429      0.994    16
                 0.292     0          0.778     0.292     0.424      0.999    17
                 0.421     0.001      0.444     0.421     0.432      0.999    18
                 1         0          1         1         1          1        22
                 0         0          0         0         0          0.999    25
                 0.364     0          0.571     0.364     0.444      0.999    26
                 0.118     0          0.4       0.118     0.182      0.998    27
                 0.353     0          0.4       0.353     0.375      0.999    28
                 0.55      0          0.733     0.55      0.629      0.999    29
                 0.636     0.001      0.483     0.636     0.549      0.999    30
                 0.461     0.038      0.199     0.461     0.278      0.919    101
                 0.317     0.012      0.358     0.317     0.336      0.924    102
                 0.255     0.012      0.314     0.255     0.282      0.916    103
                 0.233     0.009      0.35      0.233     0.279      0.916    104
                 0.228     0.006      0.405     0.228     0.291      0.924    105
                 0.321     0.007      0.53      0.321     0.4        0.921    106
                 0.455     0.155      0.067     0.455     0.117      0.88     107
                 0.176     0.005      0.39      0.176     0.243      0.885    108
                 0.244     0.027      0.119     0.244     0.16       0.905    109
                 0.118     0.004      0.349     0.118     0.176      0.874    110
                 0.154     0.004      0.364     0.154     0.216      0.875    111
                 0.103     0.003      0.38      0.103     0.162      0.865    112
                 0.114     0.001      0.596     0.114     0.191      0.877    113
                 0.207     0.004      0.359     0.207     0.263      0.908    114
                 0.079     0.001      0.409     0.079     0.132      0.909    115
                 0.199     0.001      0.576     0.199     0.296      0.917    116
                 0.126     0.001      0.593     0.126     0.208      0.88     117
                 0.165     0.004      0.339     0.165     0.222      0.861    118
                 0.08      0.002      0.385     0.08      0.132      0.873    119
                 0.122     0.003      0.352     0.122     0.181      0.874    120
                 0.034     0.001      0.45      0.034     0.064      0.87     121
                 0.049     0.002      0.278     0.049     0.083      0.871    122
                 0         0          0         0         0          0.917    123
                 0.145     0.004      0.333     0.145     0.202      0.887    124
                 0.138     0.003      0.361     0.138     0.199      0.88     125
                 0.094     0.002      0.37      0.094     0.15       0.87     126
                 0.198     0.028      0.087     0.198     0.121      0.87     127
                 0.069     0.002      0.396     0.069     0.117      0.858    128
                 0.171     0.018      0.126     0.171     0.145      0.876    129
                 0.269     0.021      0.136     0.269     0.18       0.889    130
                 0.117     0.001      0.413     0.117     0.182      0.897    131
                 0.087     0.001      0.419     0.087     0.145      0.881    132
                 0.08      0.001      0.514     0.08      0.138      0.889    133
                 0.256     0.052      0.048     0.256     0.081      0.893    134
                 0.054     0          0.667     0.054     0.101      0.89     135
                 0.142     0.001      0.581     0.142     0.229      0.9      136
                 0.065     0.001      0.333     0.065     0.108      0.886    137
                 0.076     0          0.55      0.076     0.134      0.919    138
                 0.408     0.045      0.082     0.408     0.136      0.927    139
                 0.074     0.003      0.294     0.074     0.118      0.88     140
                 0         0          0         0         0          0.911    141
                 0         0          0         0         0          0.998    142
                 0.071     0.001      0.37      0.071     0.12       0.915    143
                 0         0          0         0         0          0.936    144
                 0.35      0          0.467     0.35      0.4        0.994    146
                 0         0          0         0         0          0.993    147
                 0.608     0.05       0.211     0.608     0.313      0.969    201
                 0.563     0.011      0.571     0.563     0.567      0.971    202
                 0.352     0.006      0.531     0.352     0.423      0.97     203
                 0.423     0.004      0.584     0.423     0.491      0.982    204
                 0.324     0.005      0.402     0.324     0.359      0.971    205
                 0.332     0.004      0.52      0.332     0.405      0.976    206
                 0.333     0.022      0.141     0.333     0.199      0.959    207
                 0.294     0.005      0.401     0.294     0.34       0.97     208
                 0.32      0.004      0.459     0.32      0.377      0.955    209
                 0.269     0.003      0.441     0.269     0.335      0.976    210
                 0.325     0.003      0.509     0.325     0.397      0.982    211
                 0.43      0.003      0.542     0.43      0.479      0.989    212
                 0.475     0.004      0.465     0.475     0.47       0.993    213
                 0.4       0.003      0.594     0.4       0.478      0.978    214
                 0.299     0.005      0.317     0.299     0.308      0.964    215
                 0.279     0.004      0.507     0.279     0.36       0.965    216
                 0.454     0.004      0.544     0.454     0.495      0.98     217
                 0.411     0.004      0.507     0.411     0.454      0.979    218
                 0.345     0.004      0.415     0.345     0.376      0.983    219
                 0.27      0.003      0.404     0.27      0.323      0.976    220
                 0.233     0.002      0.309     0.233     0.266      0.982    221
                 0.349     0.004      0.421     0.349     0.382      0.968    222
                 0.504     0.011      0.22      0.504     0.306      0.989    223
                 0.503     0.02       0.189     0.503     0.275      0.976    224
                 0.341     0.002      0.518     0.341     0.411      0.977    225
                 0.296     0.003      0.337     0.296     0.315      0.985    226
                 0.144     0.001      0.447     0.144     0.218      0.97     227
                 0.384     0.002      0.458     0.384     0.418      0.992    228
                 0.432     0.004      0.429     0.432     0.43       0.99     229
                 0.395     0.003      0.515     0.395     0.447      0.992    230
                 0.564     0.002      0.633     0.564     0.596      0.991    231
                 0.333     0.001      0.371     0.333     0.351      0.997    232
                 0.217     0.002      0.302     0.217     0.252      0.994    233
                 0.323     0.001      0.561     0.323     0.41       0.993    234
                 0.521     0.003      0.529     0.521     0.525      0.991    235
                 0.563     0.002      0.511     0.563     0.536      0.997    236
                 0.05      0.001      0.286     0.05      0.085      0.982    237
                 0.271     0.003      0.246     0.271     0.258      0.985    238
                 0.25      0.001      0.357     0.25      0.294      0.991    239
                 0.8       0.001      0.593     0.8       0.681      1        240
                 0.764     0.001      0.764     0.764     0.764      0.999    241
                 0.733     0          0.71      0.733     0.721      1        242
                 0.429     0.001      0.618     0.429     0.506      0.985    243
                 0.2       0.001      0.333     0.2       0.25       0.972    244
                 0         0          0         0         0          0.984    245
                 0.3       0.001      0.429     0.3       0.353      0.983    246
                 0.58      0.002      0.644     0.58      0.611      0.998    247
                 0.336     0.002      0.529     0.336     0.411      0.981    248
                 0         0          0         0         0          0.981    249
                 0         0          0         0         0          0.993    250
                 0.85      0          0.81      0.85      0.829      0.999    253
                 0.6       0          1         0.6       0.75       1        254
Weighted Avg.    0.276     0.011      0.39      0.276     0.283      0.929

=== Confusion Matrix ===

   a   b   c   d   e   f   g   h   i   j   k   l   m   n   o   p   q   r   s   t   u   v   w   x   y   z  aa  ab  ac  ad  ae  af  ag  ah  ai  aj  ak  al  am  an  ao  ap  aq  ar  as  at  au  av  aw  ax  ay  az  ba  bb  bc  bd  be  bf  bg  bh  bi  bj  bk  bl  bm  bn  bo  bp  bq  br  bs  bt  bu  bv  bw  bx  by  bz  ca  cb  cc  cd  ce  cf  cg  ch  ci  cj  ck  cl  cm  cn  co  cp  cq  cr  cs  ct  cu  cv  cw  cx  cy  cz  da  db  dc  dd  de  df  dg  dh  di  dj  dk  dl  dm  dn  do  dp  dq   <-- classified as
  28   1   0   0   0   0   0   0   0   0   0   0   0   0   0   0   0   0   0   0   0   0   0   0   0   0   0   0   0   0   0   0   0   0   0   0   0   0   0   0   0   0   0   0   0   0   0   0   0   0   0   0   0   0   0   0   0   0   0   0   0   0   0   0   0   0   0   0   0   0   0   0   0   0   0   0   0   0   0   0   0   0   0   0   0   0   0   0   0   0   0   0   0   0   0   0   0   0   0   0   0   0   0   0   0   0   0   0   0   0   0   0   0   0   0   0   0   0   0   0   0 |   a = 1
   0  33   3   3   0   1   0   4   6   0   0   0   0   0   0   0   0   0   0   0   0   0   0   0   0   0   0   0   0   0   0   0   0   0   0   0   0   0   0   0   0   0   0   0   0   0   0   0   0   0   0   0   0   0   0   0   0   0   0   0   0   0   0   0   0   0   0   0   0   0   0   0   0   0   0   0   0   0   0   0   0   0   0   0   0   0   0   0   0   0   0   0   0   0   0   0   0   0   0   0   0   0   0   0   0   0   0   0   0   0   0   0   0   0   0   0   0   0   0   0   0 |   b = 2
   9   5  28  15   0   0   2  10   0   0   0   0   0   0   0   0   0   0   0   0   0   0   0   0   0   0   0   0   0   0   0   0   0   0   0   0   0   0   0   0   0   0   0   0   0   0   0   0   0   0   0   0   0   0   0   0   0   0   0   0   0   0   0   0   0   0   0   0   0   0   0   0   0   0   0   0   0   0   0   0   0   0   0   0   0   0   0   0   0   0   0   0   0   0   0   0   0   0   0   0   0   0   0   0   0   0   0   0   0   0   0   0   0   0   0   0   0   0   0   0   0 |   c = 3
   0   3   3  33   3   0   6   2   0   0   0   0   0   0   0   0   0   0   0   0   0   0   0   0   0   0   0   0   0   0   0   0   0   0   0   0   0   0   0   0   0   0   0   0   0   0   0   0   0   0   0   0   0   0   0   0   0   0   0   0   0   0   0   0   0   0   0   0   0   0   0   0   0   0   0   0   0   0   0   0   0   0   0   0   0   0   0   0   0   0   0   0   0   0   0   0   0   0   0   0   0   0   0   0   0   0   0   0   0   0   0   0   0   0   0   0   0   0   0   0   0 |   d = 4
   0   1   1  12  12   9   4   0   0   0   0   0   0   0   0   0   0   0   0   0   0   0   1   0   0   0   0   0   0   0   0   0   0   0   0   0   0   0   0   0   0   0   0   0   0   0   0   0   0   0   0   0   0   0   0   0   0   0   0   0   0   0   0   0   0   0   0   0   0   0   0   0   0   0   0   0   0   0   0   0   0   0   0   0   0   0   0   0   0   0   0   0   0   0   0   0   0   0   0   0   0   0   0   0   0   0   0   0   0   0   0   0   0   0   0   0   0   0   0   0   0 |   e = 5
   0   0   6   1   1  43   4   0   0   0   0   0   0   0   0   0   0   0   0   0   0   0   4   0   0   0   0   0   0   0   0   0   0   0   0   0   0   0   0   0   0   0   0   0   0   0   0   0   0   0   0   0   0   0   0   0   0   0   0   0   0   0   0   0   0   0   0   0   0   0   0   0   0   0   0   0   0   0   0   0   0   0   0   0   0   0   0   0   0   0   0   0   0   0   0   0   0   0   0   0   0   0   0   0   0   0   0   0   0   0   0   0   0   0   0   0   0   0   0   0   0 |   f = 6
   0   0   2   1   0   1  34   0   0   0   0   0   0   0   0   0   0   0   0   0   0   0   0   0   0   0   0   0   0   0   0   0   0   0   0   0   0   0   0   0   0   0   0   0   0   0   0   0   0   0   0   0   0   0   0   0   0   0   0   0   0   0   0   0   0   0   0   0   0   0   0   0   0   0   0   0   0   0   0   0   0   0   0   0   0   0   0   0   0   0   0   0   0   0   0   0   0   0   0   0   0   0   0   0   0   0   0   0   0   0   0   0   0   0   0   0   0   0   0   0   0 |   g = 7
   0   0   0   0   1   0   2  41   2   0   0   0   0   0   0   0   0   0   0   0   0   0  10   0   0   0   0   0   0   0   0   0   0   0   0   0   0   0   0   0   0   0   0   0   0   0   0   0   0   0   0   0   0   0   0   0   0   0   0   0   0   0   0   0   0   0   0   0   0   0   0   0   0   0   0   0   0   0   0   0   0   0   0   0   0   0   0   0   0   0   0   0   0   0   0   0   0   0   0   0   0   0   0   0   0   0   0   0   0   0   0   0   0   0   0   0   0   0   0   0   0 |   h = 8
   0   5   0   1   0   1   1   7  31   4   0   0   4   0   0   0   0   0   0   0   0   0   0   0   0   0   0   0   0   0   0   0   0   0   0   0   0   0   0   0   0   0   0   0   0   0   0   0   0   0   0   0   0   0   0   0   6   0   0   0   0   0   0   0   0   0   0   0   0   0   0   0   0   0   0   0   0   0   0   0   0   0   0   0   0   0   0   0   0   0   0   0   0   0   0   0   0   0   0   0   0   0   0   0   0   0   0   0   0   0   0   0   0   0   0   0   0   0   0   0   0 |   i = 9
   0   0   0   0   0   0   0   1   8  67   0   0   2   2   0   0   0   0   0   0   0   0   0   0   0   0   0   0   0   0   0   0   0   0   0   0   0   0   0   0   0   0   0   0   0   0   0   0   0   0   0   0   0   0   0   0   8   0   0   0   0   0   0   0   0   0   0   0   0   0   0   0   0   0   0   0   0   0   0   0   0   0   0   0   0   0   0   0   0   0   0   0   0   0   0   0   0   0   0   0   0   0   0   0   0   0   0   0   0   0   0   0   0   0   0   0   1   0   0   0   0 |   j = 10
   0   0   0   0   0   0   0   0   0   0   0  10   0   0   0   0   0   0   0   0   0   0   0   0   0   0   0   0   0   0   0   0   0   0   0   0   0   0   0   0   0   0   0   0   0   0   0   0   0   0   0   0   0   0   0   0   0   0   0   0   0   0   0   0   0   0   0   0   0   0   0   0   0   0   0   0   0   0   0   0   0   0   0   0   0   0   0   0   0   0   0   0   0   0   0   0   0   0   0   0   0   0   0   0   0   0   0   0   0   0   0   0   0   0   0   0   0   0   0   0   0 |   k = 12
   0   0   0   0   0   0   0   0   0   0   0  20   0   0   0   0   0   0   0   0   0   0   0   0   0   0   0   0   0   0   0   0   0   0   0   0   0   0   0   0   0   0   0   0   0   0   0   0   0   0   0   0   0   0   0   0   0   0   0   0   0   0   0   0   0   0   0   0   0   0   0   0   0   0   0   0   0   0   0   0   0   0   0   0   0   0   0   0   0   0   0   0   0   0   0   0   0   0   0   0   0   0   0   0   0   0   0   0   0   0   0   0   0   0   0   0   0   0   0   0   0 |   l = 13
   0   0   0   0   0   0   1   0   3   1   0   0  17   2   0   2   0   0   0   0   0   0   0   0   0   0   0   0   0   0   0   0   0   0   0   0   0   0   0   0   0   0   0   0   0   0   0   0   0   0   0   0   0   0   0   0   0   0   0   0   0   0   0   0   0   0   0   0   0   0   0   0   0   0   0   0   0   0   0   0   1   0   0   0   0   3   0   0   0   0   0   0   0   0   0   0   0   0   0   0   0   0   0   0   0   0   0   0   0   0   0   0   0   0   0   0   0   0   0   0   0 |   m = 15
   0   0   0   0   0   2   1   0   1   0   0  10   2  15   0   1   0   0   0   0   3   0   0   0   0   0   0   0   0   0   0   0   0   0   0   0   0   0   0   0   0   0   0   0   0   0   0   0   0   0   0   0   0   0   0   0   0   0   0   0   0   0   0   0   0   0   0   0   0   7   0   0   0   0   0   0   0   0   0   0   0   0   0   0   0   0   0   0   0   0   0   0   0   0   0   0   0   0   0   0   0   0   0   0   0   0   0   0   0   0   0   0   0   0   0   0   0   0   0   0   0 |   n = 16
   0   0   1   0   0   0   4   0   5   0   0   0   0   2   7   4   0   0   0   1   0   0   0   0   0   0   0   0   0   0   0   0   0   0   0   0   0   0   0   0   0   0   0   0   0   0   0   0   0   0   0   0   0   0   0   0   0   0   0   0   0   0   0   0   0   0   0   0   0   0   0   0   0   0   0   0   0   0   0   0   0   0   0   0   0   0   0   0   0   0   0   0   0   0   0   0   0   0   0   0   0   0   0   0   0   0   0   0   0   0   0   0   0   0   0   0   0   0   0   0   0 |   o = 17
   0   0   2   0   0   2   1   0   0   0   0   0   2   2   1   8   0   0   0   0   0   0   0   0   0   0   0   0   0   0   0   0   0   0   0   0   0   0   0   0   0   0   0   0   0   0   0   0   0   0   0   0   0   0   0   0   0   0   0   0   0   0   0   0   0   0   0   0   0   0   0   0   0   0   0   0   0   0   0   0   0   0   0   0   0   1   0   0   0   0   0   0   0   0   0   0   0   0   0   0   0   0   0   0   0   0   0   0   0   0   0   0   0   0   0   0   0   0   0   0   0 |   p = 18
   0   0   0   0   0   0   0   0   0   0   0   0   0   0   0   0  10   0   0   0   0   0   0   0   0   0   0   0   0   0   0   0   0   0   0   0   0   0   0   0   0   0   0   0   0   0   0   0   0   0   0   0   0   0   0   0   0   0   0   0   0   0   0   0   0   0   0   0   0   0   0   0   0   0   0   0   0   0   0   0   0   0   0   0   0   0   0   0   0   0   0   0   0   0   0   0   0   0   0   0   0   0   0   0   0   0   0   0   0   0   0   0   0   0   0   0   0   0   0   0   0 |   q = 22
   0   0   0   0   0   0   0   0   0   0   0  19   0   0   0   0   0   0   0   0   0   0   0   0   0   0   0   0   0   0   0   0   0   0   0   0   0   0   0   0   0   0   0   0   0   0   0   0   0   0   0   0   0   0   0   0   0   0   0   0   0   0   0   0   0   0   0   0   0   0   0   0   0   0   0   0   0   0   0   0   0   0   0   0   0   0   0   0   0   0   0   0   0   0   0   0   0   0   0   0   0   0   0   0   0   0   0   0   0   0   0   0   0   0   0   0   0   0   0   0   0 |   r = 25
   0   0   0   0   0   0   6   0   1   0   0   1   2   0   1   1   0   0   8   0   2   0   0   0   0   0   0   0   0   0   0   0   0   0   0   0   0   0   0   0   0   0   0   0   0   0   0   0   0   0   0   0   0   0   0   0   0   0   0   0   0   0   0   0   0   0   0   0   0   0   0   0   0   0   0   0   0   0   0   0   0   0   0   0   0   0   0   0   0   0   0   0   0   0   0   0   0   0   0   0   0   0   0   0   0   0   0   0   0   0   0   0   0   0   0   0   0   0   0   0   0 |   s = 26
   0   0   0   0   0   0   0   0   0   1   0   6   1   1   0   0   0   0   2   2   1   3   0   0   0   0   0   0   0   0   0   0   0   0   0   0   0   0   0   0   0   0   0   0   0   0   0   0   0   0   0   0   0   0   0   0   0   0   0   0   0   0   0   0   0   0   0   0   0   0   0   0   0   0   0   0   0   0   0   0   0   0   0   0   0   0   0   0   0   0   0   0   0   0   0   0   0   0   0   0   0   0   0   0   0   0   0   0   0   0   0   0   0   0   0   0   0   0   0   0   0 |   t = 27
   0   0   0   0   0   0   0   0   0   0   0   0   3   1   0   0   0   0   2   2   6   1   0   0   0   0   0   0   0   0   0   0   0   0   0   0   0   0   0   0   0   0   0   0   0   0   0   0   0   0   0   0   0   0   0   0   0   0   0   0   0   0   0   0   0   0   0   0   0   0   0   0   0   0   0   0   0   0   0   0   0   0   0   0   0   2   0   0   0   0   0   0   0   0   0   0   0   0   0   0   0   0   0   0   0   0   0   0   0   0   0   0   0   0   0   0   0   0   0   0   0 |   u = 28
   0   0   0   0   0   0   1   0   0   0   0   0   2   0   0   0   0   0   2   0   3  11   0   0   0   0   0   0   0   0   0   0   0   0   0   0   0   0   0   0   0   0   0   0   0   0   0   0   0   0   0   0   0   0   0   0   0   0   0   0   0   0   0   0   0   0   0   0   0   0   0   0   0   0   0   0   0   0   0   0   0   0   0   0   0   1   0   0   0   0   0   0   0   0   0   0   0   0   0   0   0   0   0   0   0   0   0   0   0   0   0   0   0   0   0   0   0   0   0   0   0 |   v = 29
   0   0   0   0   0   0   0   8   0   0   0   0   0   0   0   0   0   0   0   0   0   0  14   0   0   0   0   0   0   0   0   0   0   0   0   0   0   0   0   0   0   0   0   0   0   0   0   0   0   0   0   0   0   0   0   0   0   0   0   0   0   0   0   0   0   0   0   0   0   0   0   0   0   0   0   0   0   0   0   0   0   0   0   0   0   0   0   0   0   0   0   0   0   0   0   0   0   0   0   0   0   0   0   0   0   0   0   0   0   0   0   0   0   0   0   0   0   0   0   0   0 |   w = 30
   0   0   0   0   0   0   0   0   0   0   0   0   0   0   0   0   0   0   0   0   0   0   0 177  18   9  12   2  22  60   2   9   0   4   1   0   2   1   0   2   2   1   0   0   0   0   0   3   1   0   0   2   2   0   2   0  10   0   0   3   0  16   1   0   0   0   0   0   0  10   0   0   0   0   0  10   0   0   0   0   0   0   0   0   0   0   0   0   0   0   0   0   0   0   0   0   0   0   0   0   0   0   0   0   0   0   0   0   0   0   0   0   0   0   0   0   0   0   0   0   0 |   x = 101
   0   0   0   0   0   0   0   0   0   0   0   0   0   0   0   0   0   0   0   0   0   0   0  51 123  16  15   5  17  97   4   8   1   0   5   2   0   1   0   2   1   0   0   0   0   0   0   1   0   0   0   0   0   0   0   0  10   0   0   2   0   1   3   0   0   0   0   0   0  10   0   0   0   0   0  10   1   1   0   0   0   0   0   1   0   0   0   0   0   0   0   0   0   0   0   0   0   0   0   0   0   0   0   0   0   0   0   0   0   0   0   0   0   0   0   0   0   0   0   0   0 |   y = 102
   0   0   0   0   0   0   0   0   0   0   0   0   1   0   0   0   0   0   0   0   0   0   0  47  25  98  21  12  16  54   4   8   3   4   0   0   0   0   2   0   1   1   0   0   1   0   2   2   0   0   0   0   0   0   0   0   9   0   0   0   0  36   1   0   0   0   0   0   0  10   0   0   0   0   0  14   0   4   0   0   0   0   0   0   0   0   0   0   0   0   3   4   0   0   0   0   0   0   0   0   0   0   0   0   0   0   0   0   0   0   0   0   1   0   0   0   0   0   0   0   0 |   z = 103
   0   0   0   0   0   0   0   0   0   0   0   0   0   0   0   0   0   0   0   0   0   0   0  33  17  41  93  23  10  51   5  11   3   8   1   0   1   0   1   0   2   1   0   0   3   0   1   0   0  20   0   4   0   0   0   0  10   0   0   0   0  31   1   0   0   0   0   0   0   0   0   0   0   0   0  23   0   0   0   0   0   0   0   0   0   0   2   0   0   0   0   4   0   0   0   0   0   0   0   0   0   0   0   0   0   0   0   0   0   0   0   0   0   0   0   0   0   0   0   0   0 |  aa = 104
   0   0   0   0   0   0   0   0   0   0   0   0   0   0   0   0   0   0   0   0   0   0   0  30  26  14  31  81  19  53  13  10   2   3   6   0   0   0   0   1   3   1   0   2   0   0   0   1   0   0   0   3   0   0   0   0  23   0   0   0   0   2   4   0   0   0   0   0   0   9   0   0   1   0   2  10   0   0   0   0   1   0   0   0   0   0   0   0   0   0   0   0   0   0   0   0   0   0   1   0   0   0   0   0   0   0   1   1   0   0   0   0   2   0   0   0   0   0   0   0   0 |  ab = 105
   0   0   0   0   0   0   0   0   0   0   0   0   0   0   0   0   0   0   0   0   0   0   0  52  15   8  24  18 148  82   7   8   2   2   6   3   8   0   0   4   1   0   0   0   0   0   0   0   0  10   0   0   0   0   0   0  10   0   0   0   0  17   1   0   0   4   0   0   0  20   0   0   0   0   0  10   0   0   0   0   1   0   0   0   0   0   0   0   0   0   0   0   0   0   0   0   0   0   0   0   0   0   0   0   0   0   0   0   0   0   0   0   0   0   0   0   0   0   0   0   0 |  ac = 106
   0   0   0   0   0   0   0   0   0   0   0   0   0   0   0   0   0   0   0   0   0   0   0  31   2   9   5   8   8 205  26  20   3   8   5   0   4   1   0   1   9   0   0   4   0   0   0   0   0   0   0  10   0   0   0   0  20   0   0   0   0  34   1   0   0   0   0   0   0  10   0   0   0   0   0  10   0   0   5   0   5   0   0   0   0   0   0   0   0   0   0   7   0   0   0   0   0   0   0   0   0   0   0   0   0   0   0   0   0   0   0   0   0   0   0   0   0   0   0   0   0 |  ad = 107
   0   0   0   0   0   0   0   0   0   0   0   0   0   0   0   0   0   0   0   0   0   0   0  17   0   7   2   7   8 114  64  22   2  20   0   4   6   0   0   0   1   2   0   0   0   0   0   0   0  18   0  10   0   0   0   0  20   0   0   0   0  16   0   0   0   0   0   0   0  10   0   0   0   0   0   4   0   0   3   0   3   0   0   0   0   1   0   0   0   0   0   2   0   0   0   0   0   0   0   0   0   0   0   0   0   0   0   0   0   0   0   0   0   0   0   0   0   0   0   0   0 |  ae = 108
   0   0   0   0   0   0   0   0   0   0   0   0   0   0   0   0   0   0   0   0   0   0   0  18   1  13   3   0   6 101   4  69  11   3   1   1   0   1   1   0   0   1   0   0   4   0   4   1   0   0   0  10   0   0   1   0  13   0   0   2   0   1   1   0   0   0   0   0   0  10   0   0   0   0   0   0   0   0   0   0   0   0   0   0   0   2   0   0   0   0   0   0   0   0   0   0   0   0   0   0   0   0   0   0   0   0   0   0   0   0   0   0   0   0   0   0   0   0   0   0   0 |  af = 109
   0   0   0   0   0   0   0   0   0   0   0   0   0   0   0   0   0   0   0   0   0   0   0  23   3  12   4   3   2 107   1  31  38   5   1   1   1   1   0   3   1   1   0   0   4   0   2   0   0  10   0  10   0   0   5   0  23   0   0   0   0  16   0   0   0   0   0   0   0  10   0   0   0   0   0   0   0   0   1   0   0   0   0   1   0   0   0   0   0   0   0   2   0   0   0   0   0   0   0   0   0   0   0   0   0   0   0   0   0   0   0   0   0   0   0   0   0   0   0   0   0 |  ag = 110
   0   0   0   0   0   0   0   0   0   0   0   0   0   0   0   0   0   0   0   0   0   0   0  16   0   8   3  13   2  97   9  12   6  47   3   0   2   0   0   0   1   1   7   0   1   0   2   1   0  19   0  10   2   0   0   0  20   0   0   0   0  17   1   0   0   0   0   0   0   5   0   0   0   0   0   0   0   0   0   0   0   0   0   0   0   0   0   0   0   0   0   1   0   0   0   0   0   0   0   0   0   0   0   0   0   0   0   0   0   0   0   0   0   0   0   0   0   0   0   0   0 |  ah = 111
   0   0   0   0   0   0   0   0   0   0   0   0   0   0   0   0   0   0   0   0   0   0   0  17   4   3   5   5   2  82   3  13   5   8  30   4   0   0   2   0   4   0   0   0   0   0   1   0   0   0   0  10  10   0   0   0  24   0   0   0   0  32   3   0   0   0   0   0   0   3   0   0   0   0   0   2   0   0   0   0   0   0   0   0   0   0   0   0   0   0   0  10  10   0   0   0   0   0   0   0   0   0   0   0   0   0   0   0   0   0   0   0   0   0   0   0   0   0   0   0   0 |  ai = 112
   0   0   0   0   0   0   0   0   0   0   0   0   0   0   0   0   0   0   0   0   0   0   0  15   2   1   3   6   4  98   3  11   6   5   3  31   0   0   3   0   2   1   0   0   0   0   1   1   0   0   0  10  10   0   0   3  10   0   0   0   0  16   4   0   0   0   0   0   0  10   0   0   0   0   0   5   0   0   0   0   0   0   0   0   0   0   0   0   0   0   0   0   8   0   0   0   0   0   0   0   0   0   0   0   0   0   0   0   0   0   0   0   0   0   0   0   0   0   0   0   0 |  aj = 113
   0   0   0   0   0   0   0   0   0   0   0   0   0   0   0   0   0   0   0   0   0   0   0  22   6   4   1   2   0  71   2  17   1   1   0   4  47   2   0   0   1   0   2   0   2   0   5   1   0   0   1  10   0   0   1   0  12   0   0   1   0   0   0   0   0   0   0   0   0  10   0   0   0   0   0   0   0   0   0   0   0   0   0   0   0   0   1   0   0   0   0   0   0   0   0   0   0   0   0   0   0   0   0   0   0   0   0   0   0   0   0   0   0   0   0   0   0   0   0   0   0 |  ak = 114
   0   0   0   0   0   0   0   0   0   0   0   0   0   0   0   0   0   0   0   0   0   0   0  26  10   7   1   1   1  72   3  12   1   0   0   0   5  18   1   2   6   0   0   0   1   0   0   3   2   0   0   1   1   0   1   6  30   0   0   3   2   2   1   0   0   0   0   0   0  10   0   0   0   0   0   0   0   0   0   0   0   0   0   0   0   0   0   0   0   0   0   0   0   0   0   0   0   0   0   0   0   0   0   0   0   0   0   0   0   0   0   0   0   0   0   0   0   0   0   0   0 |  al = 115
   0   0   0   0   0   0   0   0   0   0   0   0   0   0   0   0   0   0   0   0   0   0   0  12   7   5   7   0   0  55   2  11   2   0   0   0   3   4  38   1   0   0   0   0   1   0   0   0   0   0   0   1   1   0   1   0  20   0   3   0   2   0   3   0   0   0   0   0   0  10   0   0   0   0   1   1   0   0   0   0   0   0   0   0   0   0   0   0   0   0   0   0   0   0   0   0   0   0   0   0   0   0   0   0   0   0   0   0   0   0   0   0   0   0   0   0   0   0   0   0   0 |  am = 116
   0   0   0   0   0   0   0   0   0   0   0   0   0   0   0   0   0   0   0   0   0   0   0  21   5   7   6   3   3  64   1  11   4   0   4   0   0   0   6  32   8   2   0   0   0   0   2   0   0  10   0   0   3   0   0   0  20   0   0   6   0  14   0   0   0   0   0   0   0  10   0   0   0   0   0  10   0   0   0   0   0   0   0   0   0   0   0   0   0   0   0   1   0   0   0   0   0   0   0   0   0   0   0   0   0   0   0   0   0   0   0   0   0   0   0   0   0   0   0   0   0 |  an = 117
   0   0   0   0   0   0   0   0   0   0   0   0   0   0   0   0   0   0   0   0   0   0   0  12   0   1   2   0   1  94   2  10   2   0   1   0   2   1   0   1  42   0   4   0   0   0   0   0   0  15   0   0  14   0   0   1  11   0   0   1   0  15   2   0   0   0   0   0   0  10   0   0   0   0   0  10   0   0   0   0   0   0   0   0   0   0   0   0   0   0   0   0   0   0   0   0   0   0   0   0   0   0   0   0   0   0   0   0   0   0   0   0   0   0   0   0   0   0   0   0   0 |  ao = 118
   0   0   0   0   0   0   0   0   0   0   0   0   0   0   0   0   0   0   0   0   0   0   0  15   0   2   4   1   0  67   0  11   0   1   0   0   6   3   3   4  11  20   8   0   0   0   1   0   0  10   1   0  18   1   0   3  18   0   0   0   0  15   5   0   0   0   0   0   0  10   0   0   0   0   0  10   0   0   0   0   0   0   0   0   0   0   0   0   0   0   0   0   0   0   0   0   0   0   0   0   0   0   0   0   0   0   2   0   0   0   0   0   0   0   0   0   0   0   0   0   0 |  ap = 119
   0   0   0   0   0   0   0   0   0   0   0   0   0   0   0   0   0   0   0   0   0   0   0   3   3   5   2   1   1  85   2  10   0   2   1   0   2   0   0   0   1   4  31   0   0   0   1   2   0  10   4   1  23   1   0   0  20   0   0   0   0  15   2   0   0   1   0   0   0  10   0   0   0   0   0  10   0   0   0   0   0   0   0   0   0   0   0   0   0   0   0   0   0   0   0   0   0   0   0   0   0   0   0   0   0   0   1   0   0   0   0   0   0   0   0   0   0   0   0   0   0 |  aq = 120
   0   0   0   0   0   0   0   0   0   0   0   0   0   0   0   0   0   0   0   0   0   0   0   7   2   4   1   1   0  86   0   9   4   0   1   0   0   2   0   0   6   6   4   9   2   0   7   0   0  10   0   2  27   0   0   0  20   0   0   0   0  30   0   0   0   0   0   0   0  10   0   0   0   0   0  10   0   1   0   0   0   0   0   0   0   0   0   0   0   0   0   0   0   0   0   0   0   0   0   0   0   0   0   0   0   0   0   0   0   0   0   0   0   0   0   0   0   0   0   0   0 |  ar = 121
   0   0   0   0   0   0   0   0   0   0   0   0   0   0   0   0   0   0   0   0   0   0   0   4   1   4   1   0   0 100   0  14   0   0   0   0   3   1   1   0  14   3   0   1  15   0   8   2   0  22   0   9  25   1   0   0  20   0   0   0   0  25   3   0   0   1   0   0   0  10   0   0   0   0   0  20   0   0   0   0   0   0   0   0   0   0   0   0   0   0   0   0   0   0   0   0   0   0   0   0   0   0   0   0   0   0   0   1   0   0   0   0   0   0   0   0   0   0   0   0   0 |  as = 122
   0   0   0   0   0   0   0   0   0   0   0   0   0   0   0   0   0   0   0   0   0   0   0   4   1   6   2   0   0  51   0   0   1   0   0   0   1   0   0   0   0   0  12   1   6   0   4   6   5   2   1   0  23   0   0   0  20   0   0   0   0   0   1   0   0   3   0   0   0  10   0   0   0   0   0   0   0   0   0   0   0   0   0   0   0   0   0   0   0   0   0   0   0   0   0   0   0   0   0   0   0   0   0   0   0   0   0   2   0   0   0   0   0   0   0   0   0   0   0   0   0 |  at = 123
   0   0   0   0   0   0   0   0   0   0   0   0   0   0   0   0   0   0   0   0   0   0   0  16   1   1   0   0   0  44   0   6   0   0   0   0   2   0   0   0   0   0   1   0   0   0  36   5   3  28   0  14  17   0   0   0  20   0   0   0   0  42   1   0   0   0   0   0   0  10   0   0   0   0   0   0   0   0   1   0   0   0   0   0   0   0   0   0   0   0   0   0   0   0   0   0   0   0   0   0   0   0   0   0   0   0   0   0   0   0   0   0   0   0   0   0   0   0   0   0   0 |  au = 124
   0   0   0   0   0   0   0   0   0   0   0   0   0   0   0   0   0   0   0   0   0   0   0  16   3   1   0   0   0  57   0   0   0   0   0   0   3   0   3   0   0   1   6   0   0   0  12  35   9  10   3  17  23   0   0   0  20   0   0   0   0  15   0   0   0   0   0   0   0  10   0   0   0   0   0  10   0   0   0   0   0   0   0   0   0   0   0   0   0   0   0   0   0   0   0   0   0   0   0   0   0   0   0   0   0   0   0   0   0   0   0   0   0   0   0   0   0   0   0   0   0 |  av = 125
   0   0   0   0   0   0   0   0   0   0   0   0   0   0   0   0   0   0   0   0   0   0   0  14  13   1   0   0   0  75   0   2   0   0   0   0   8   1   1   0   0   1   3   0   0   0   1  14  27  14   2  15  17   3   0   4  20   0   0   0   0  32   0   0   0   0   0   0   0  10   0   0   0   0   0   0   0   0   0   0   0   0   0   0   0   0   0   0   0   0   0   0  10   0   0   0   0   0   0   0   0   0   0   0   0   0   0   0   0   0   0   0   0   0   0   0   0   0   0   0   0 |  aw = 126
   0   0   0   0   0   0   0   0   0   0   0   0   0   0   0   0   0   0   0   0   0   0   0  15   2   1   1   0   0  59   0   9   0   1   0   0   2   0   1   0   0   0   4   0   0   0   2   1   3  50   2  11  25   1   0   0  10   0   0   0   0  32   0   0   0   0   0   0   0  10   0   0   0   0   0   0   0   0   0   0   0   0   0   0   0   0   0   0   0   0   0   0  10   0   0   0   0   0   0   0   0   0   0   0   0   0   0   0   0   0   0   0   0   0   0   0   0   0   0   0   0 |  ax = 127
   0   0   0   0   0   0   0   0   0   0   0   0   0   0   0   0   0   0   0   0   0   0   0  20   7   0   0   0   0  60   0  13   0   0   0   0   3   0   2   0   0   0   1   0   1   0   2   4   2  24  19  10  24   1   1   0  20   0   0   4   0  32   0   0   0   0   0   0   0  10   0   0   0   0   0   0   0   0   0   0   0   0   0   0   0   0   1   0   0   0   0   0  11   0   5   0   0   0   0   0   0   0   0   0   0   0   0   0   0   0   0   0   0   0   0   0   0   0   0   0   0 |  ay = 128
   0   0   0   0   0   0   0   0   0   0   0   0   0   0   0   0   0   0   0   0   0   0   0  19   4   2   3   1   0  63   0   2   1   0   1   0   0   1   0   0   0   0   0   0   0   0   0   7   5  15   0  48  31   0   0   0  20   1   0   0   0  32   1   0   0   0   0   0   0  10   0   0   0   0   0   0   0   1   0   0   0   0   0   0   0   0   0   0   0   0   0   0  12   0   0   0   0   0   0   0   0   0   0   0   0   0   0   0   0   0   0   0   0   0   0   0   0   0   0   0   0 |  az = 129
   0   0   0   0   0   0   0   0   0   0   0   0   0   0   0   0   0   0   0   0   0   0   0  18   0   2   1   2   0  39   2   2   0   4   0   0   0   0   0   0   0   0   0   0   0   0   0   2   3  10   0  10  61   2   0   0  11   0   0   0   0  33   0   0   0   0   0   0   0  10   0   0   0   0   0   0   0   1   1   0   0   1   0   1   0   0   0   0   0   0   1   0  10   0   0   0   0   0   0   0   0   0   0   0   0   0   0   0   0   0   0   0   0   0   0   0   0   0   0   0   0 |  ba = 130
   0   0   0   0   0   0   0   0   0   0   0   0   0   0   0   0   0   0   0   0   0   0   0   4   0   0   0   0   0  38   0   8   4   1   0   0   0   0   0   0   0   2   0   0   0   0   2   0   3   6   1  11   9  19   0   0  30   1   0   0   0   0   0   0   0   0   0   0   0  10   0   0   0   0   0   0   0   3   1   0   0   0   0   0   0   0   0   0   0   0   0   0  10   0   0   0   0   0   0   0   0   0   0   0   0   0   0   0   0   0   0   0   0   0   0   0   0   0   0   0   0 |  bb = 131
   0   0   0   0   0   0   0   0   0   0   0   0   0   0   0   0   0   0   0   0   0   0   0   4   3   0   0   0   0  59   0   8   2   1   0   0   0   1   0   0   0   0   0   0   0   0   4   0   4   0   4  12  10   2  18   0  20   0   0   0   2  32   0   0   0   0   0   0   0  10   0   0   0   0   0   0   0   0   0   0   0   0   0   0   0   0   0   0   0   0   0   0  10   0   0   0   0   0   0   0   0   0   0   0   0   0   0   0   0   0   0   0   0   0   0   0   0   0   0   0   0 |  bc = 132
   0   0   0   0   0   0   0   0   0   0   0   0   0   0   0   0   0   0   0   0   0   0   0   8   3   0   0   0   0  45   0   7   0   0   0   0   2   0   0   0   0   3   0   0   0   0   5   1   4   0   7  11  22   0   5  18  30   0   0   0   1  32   0   0   0   0   0   0   0   9   0   0   0   0   0   0   1   0   0   0   0   0   0   0   0   0   0   0   0   0   0   0  10   0   0   0   1   0   0   0   0   0   0   0   0   0   0   0   0   0   0   0   0   0   0   0   0   0   0   0   0 |  bd = 133
   0   0   0   0   0   0   0   0   0   0   0   0   0   0   0   0   0   0   0   0   0   0   0   9   7   3   0   0   0  39   0   6   0   0   0   0   7   0   0   0   0   0   5   0   0   0   2   1   1   0   0  10   0   0   1   0  50   1   0   0   1  32   0   0   0   0   0   0   0  10   0   0   0   0   0   0   0   0   0   0   0   0   0   0   0   0   0   0   0   0   0   0  10   0   0   0   0   0   0   0   0   0   0   0   0   0   0   0   0   0   0   0   0   0   0   0   0   0   0   0   0 |  be = 134
   0   0   0   0   0   0   0   0   0   0   0   0   0   0   0   0   0   0   0   0   0   0   0   8   0   2   0   0   0  36   0   5   0   0   0   0   6   0   1   0   4   0   0   0   0   0   0   0   0   0   0  10   0   0   0   0  30   8   0   0   0  16   0   0   0   0   0   0   0  10   0   0   0   0   0   0   0   1   0   0   0   0   0   0   0   0   0   0   0   0   0   0  10   0   0   0   0   0   0   0   0   0   0   0   0   0   0   0   0   0   0   0   0   0   0   0   0   0   0   0   0 |  bf = 135
   0   0   0   0   0   0   0   0   0   0   0   0   0   0   0   0   0   0   0   0   0   0   0  21   2   1   1   0   0 113   0   1   2   0   0   0   3   1   0   0   0   0   0   0   0   0   0   2   0   0   3   0   8   0   0   0  43   0  36   0   0  16   0   0   0   0   0   0   0   0   0   0   0   0   0   0   0   0   0   0   0   0   0   0   0   0   0   0   0   0   0   0   0   0   0   0   0   0   0   0   0   0   0   0   0   0   0   0   0   0   0   0   0   0   0   0   0   0   0   0   0 |  bg = 136
   0   0   0   0   0   0   0   0   0   0   0   0   0   0   0   0   0   0   0   0   0   0   0  10   5   0   0   0   0  73   0   9   0   0   0   0   1   4   0   0   0   0   0   0   0   0   0   0   1   0   0   0   1   0   0   0  20   0   2  11   0  16   7   0   0   0   0   0   0   0   0   0   0   0   0   0   0   0   0   0   0   0   0   0   0   0   0   0   0   0   0   0  10   0   0   0   0   0   0   0   0   0   0   0   0   0   0   0   0   0   0   0   0   0   0   0   0   0   0   0   0 |  bh = 137
   0   0   0   0   0   0   0   0   0   0   0   0   0   0   0   0   0   0   0   0   0   0   0   0   3   0   4   2   1  57   0   0   1   0   1   0   1   0   0   0   0   0   0   0   0   0   1   1   0   0   0   0  10   0   3   0  10   0   5   0  11  32   1   0   0   0   0   0   0   0   0   0   0   0   0   0   0   0   0   0   0   0   0   0   0   0   0   0   0   0   0   0   0   0   0   0   0   0   0   0   0   0   0   0   0   0   0   0   0   0   0   0   0   0   0   0   0   0   0   0   0 |  bi = 138
   0   0   0   0   0   0   0   0   0   0   0   0   0   0   0   0   0   0   0   0   0   0   0   0   0   0   0   1   0  59   4   0   0   0   3   2   0   0   0   1   1   0   0   0   0   0   0   0   0  20   0   1   0   0   0   0  10   0   5   0   0  75   0   0   0   0   0   0   0   0   0   0   0   0   0   0   0   0   0   0   0   0   0   0   0   0   0   0   0   0   0   0   0   0   0   0   0   0   0   0   0   0   0   0   0   0   0   0   0   0   0   0   0   0   0   2   0   0   0   0   0 |  bj = 139
   0   0   0   0   0   0   0   0   0   0   0   0   0   0   0   0   0   0   0   0   0   0   0   8   5   5   2   2   0  77   0  11   0   0   5   0   0   0   0   0   2   0   0   0   0   0   0   0   0  28   0   0   0   0   0   0  30   0   4   0   1  60  20   0   0   0   0   0   0  10   0   0   0   0   0   0   0   0   0   0   0   0   0   0   0   0   0   0   0   0   0   0   0   0   0   0   0   0   0   0   0   0   0   0   0   0   0   0   0   0   0   0   0   0   0   0   0   0   0   0   0 |  bk = 140
   0   0   0   0   0   0   0   0   0   0   0   0   0   0   0   0   0   0   0   0   0   0   0   4   0   0   0   0   0  19   0  10   0   0   0   0   0   0   0   0   0   0   0   0   0   0   0   0   0   0   0  10   0   0   0   0  10   0   0   0   0   0   0   0   0   0   0   0   0  10   0   0   0   0   0   0   0   0   0   0   0   0   0   0   0   0   0   0   0   0   0   0   0   0   0   0   0   4   0   1   0   0   0   0   0   0   0   0   0   0   0   0   0   0   0   5   0   0   0   0   0 |  bl = 141
   0   0   0   0   0   0   0   0   0   0   0   0   0   0   0   0   0   0   0   0   0   0   0   0   0   0   0   0   0   0   0   0   0   0   0   0   0   0   0   0   0   0   0   0   0   0   0   0   0   0   0   2   0   0   0   0   0   0   0   0   0   0   0   0   0   0   0   0   0   0   0   0   0   0   0   0   0   0   0   0   0   0   0   0   0   0   0   0   0   0   0   0   1   0   0   0   0   0   0   7   0   0   0   0   0   0   0   0   0   0   0   0   0   0   0   0   0   0   0   0   0 |  bm = 142
   0   0   0   0   0   0   0   0   0   0   0   0   0   0   0   0   0   0   0   0   0   0   0  20   1   4   0   0   0  41   0  10   0   0   0   0   0   0   0   0   0   0   0   0   2   0   0   0   0   0   0   0   0   0   0   0  40   0   0   0   0   0   0   0   0  10   0   0   0  10   0   0   0   0   0   0   0   0   0   0   0   0   0   0   0   0   0   0   0   0   0   0   0   0   0   0   0   0   0   0   0   0   0   0   0   0   1   1   0   0   0   0   0   0   0   0   0   0   0   0   0 |  bn = 143
   0   0   0   0   0   0   0   0   0   0   0   0   0   0   0   0   0   0   0   0   0   0   0   0   0   0   0   0   0  20   0   0   0   0   0   0   0   0   0   0   0   0   0   0   0   0   0   0   0   0   0   0   0   0   0   0   0   0   0   0   0   0   0   0   0   0   0   0   0   0   0   0   0   0   0   0   0   0   0   0   0   0   0   0   0   0   0   0   0   0   0   0   0   0   0   0   0   0   0   0   0   0   0   0   0   0   0   0   0   0   0   0   0   0   0   0   0   0   0   0   0 |  bo = 144
   0   0   0   0   0   0   0   0   0   0   0   0   0   0   0   0   0   0   0   0   0   0   0  10   0   0   0   0   0   0   0   0   0   0   0   0   0   0   0   0   0   0   0   0   0   0   0   0   0   0   0   3   0   0   0   0   0   0   0   0   0   0   0   0   0   0   0   7   0   0   0   0   0   0   0   0   0   0   0   0   0   0   0   0   0   0   0   0   0   0   0   0   0   0   0   0   0   0   0   0   0   0   0   0   0   0   0   0   0   0   0   0   0   0   0   0   0   0   0   0   0 |  bp = 146
   0   0   0   0   0   0   0   0   0   0   0   0   0   0   0   0   0   0   0   0   0   0   0  10   0   0   0   0   0   0   0   0   0   0   0   0   0   0   0   0   0   0   0   0   0   0   0   0   0   0   0   4   0   0   0   0   0   0   0   0   0   0   0   0   0   0   0   6   0   0   0   0   0   0   0   0   0   0   0   0   0   0   0   0   0   0   0   0   0   0   0   0   0   0   0   0   0   0   0   0   0   0   0   0   0   0   0   0   0   0   0   0   0   0   0   0   0   0   0   0   0 |  bq = 147
   0   0   0   0   0   0   0   0   0   0   0   0   0   0   0   0   0   0   0   0   0   0   0   1   0   0   0   0   0   0   0  10   0   0   0   0   0   0   0   0   0   0   0   0   0   0   0   0   0  12   0   0   0   0   0   0   0   0   0   0   0   0   0   0   0   0   0   0   0 248  26   9   4   3   9  22   3   1   1   2   2   5   7   3   0   4   3   0   3   0   2   4  10   1   0   1   3   0   0   0   0   0   3   2   3   0   0   0   1   0   0   0   0   0   0   0   0   0   0   0   0 |  br = 201
   0   0   0   0   0   0   0   0   0   0   0   0   0   0   0   0   0   0   0   0   0   0   0   0   0   0   0   0   0   0   0  10   0   0   0   0   0   0   0   0   0   0   0   0   0   0   0   0   0  20   0   0   2   0   0   0   1   0   0   0   0   0   0   0   0   0   0   0   0  69 267  12   4   2   3  10   1   1   0   0   1   2   7   3   3   2   2   0   3   2   4   9  11   0   1   0   0   1   0   0   0   1   2   0   1   0   0   0   0   0   0   0   0   0   0  13   4   0   0   0   0 |  bs = 202
   0   0   0   0   0   0   0   0   0   0   0   0   0   0   0   0   0   0   0   0   0   0   0   0   2   0   0   0   0   0   0   9   0   0   0   0   0   0   0   0   0   0   0   0   0   0   0   0   0  20   0   0   0   0   0   0   1   0   0   0   0   0   0   0   0   0   0   0   0  54  44 119  20   1   4  11   4   0   2   0   1   0   4   4   3   2   1   0   2   0   0   0  10   1   0   1   0   3   0   0   0   0   0   1   1   0   0   0   0   0   0   0   0   0   0   2  11   0   0   0   0 |  bt = 203
   0   0   0   0   0   0   0   0   0   0   0   0   2   0   0   0   0   0   0   0   0   0   0   0   0   0   0   0   0   0   1  10   0   0   0   0   0   0   0   0   0   0   0   0   0   0   0   0   0  10   0   0   0   0   0   0   0   0   0   0   0   0   0   0   0   0   0   0   0  20  13  28 104   9   3  10   2   1   0   2   0   0   5   0   0   2   3   2   2   0   0   1  11   2   0   0   0   0   0   0   0   1   0   2   0   0   0   0   0   0   0   0   0   0   0   0   0   0   0   0   0 |  bu = 204
   0   0   0   0   0   0   0   0   0   0   0   0   0   0   0   0   0   0   0   0   0   0   0   0   0   0   0   0   0   0   0   7   0   0   0   0   0   0   0   0   0   0   0   0   0   0   0   0   0  20   0   0   0   0   0   0   0   0   0   0   0   6   0   0   0   0   0   0   0  16   7   2  13  68   5  22   1   0   1   4   1   6   0   0   0   2   2   5   2   2   4   0   9   1   1   1   0   0   2   0   0   0   0   0   0   0   0   0   0   0   0   0   0   0   0   0   0   0   0   0   0 |  bv = 205
   0   0   0   0   0   0   0   0   0   0   0   0   0   0   0   0   0   0   0   0   0   0   0   0   5   0   0   0   0   0   0  16   0   0   0   0   0   0   0   0   0   0   0   0   0   0   0   0   0  10   0   0   0   2   0   0   0   0   0   0   0   0   0   0   0   0   0   0   0  44  25   7   3  22  89  14   3   0   8   1   0   2   0   0   0   0   1   2   1   0   0   0  12   0   0   0   0   0   0   0   0   0   0   0   0   0   0   0   0   0   1   0   0   0   0   0   0   0   0   0   0 |  bw = 206
   0   0   0   0   0   0   0   0   0   0   0   0   0   0   0   0   0   0   0   0   0   0   0   0   2   0   1   0   0   0   0   6   0   0   0   0   0   0   0   0   0   0   0   0   0   0   0   0   0  20   0   0   1   1   0   0   7   0   0   0   0  10   0   0   0   0   0   0   0   6   0   5   0   2   5  69   8   5   3   6   4   4   0   1   0   6   3   0   0   1   0   1  14   2   2   0   0   0   0   2   0   0   0   0   0   0   0   0   0   0   0   0   0   0   0   0  10   0   0   0   0 |  bx = 207
   0   0   0   0   0   0   0   0   0   0   0   0   0   0   0   0   0   0   0   0   0   0   0   0   3   0   2   0   0   0   0   1   0   0   0   0   0   0   0   0   0   0   0   0   0   0   0   0   0  37   0   0   1   2   0   0   6   0   0   0   0   2   0   0   0   0   0   0   0  13   0   2   7   5   2  32  63   6   3   3   6   0   1   0   0   0   2   0   0   0   0   1   1   2   0   0   1   1   1   2   0   0   1   2   0   0   0   0   0   0   0   0   0   0   0   0   3   0   0   0   0 |  by = 208
   0   0   0   0   0   0   0   0   0   0   0   0   0   0   0   0   0   0   0   0   0   0   0   0   2   0   1   0   0   4   0   8   0   0   0   0   0   0   0   0   0   0   0   0   0   0   0   0   0  20   0   0   1   5   0   0   9   0   0   0   0   5   0   0   0   0   0   0   0  14   0   1   1   1   0  19   3  62   6   1   1   0   4   3   0   0   0   1   1   2   0   4   7   3   2   1   0   0   0   0   1   0   1   0   0   0   0   0   0   0   0   0   0   0   0   0   0   0   0   0   0 |  bz = 209
   0   0   0   0   0   0   0   0   0   1   0   0   0   0   0   0   0   0   0   0   0   0   0   0   0   0   0   0   0   3   0  13   0   0   0   0   0   0   0   0   0   0   0   0   0   0   0   0   0   0   0   0   0   2   0   0  10   0   0   0   0   0   0   0   0   0   0   0   0  12   5   3   0   6   3   9  11   9  45   2   4   5   0   1   4   0   1   4   1   2   0   0   0   3   3   0   0   0   0   0   0   0   0   0   0   0   3   0   0   0   0   0   0   0   0   0   2   0   0   0   0 |  ca = 210
   0   0   0   0   0   0   0   0   0   0   0   0   0   0   0   0   0   0   0   0   0   0   0   0   0   0   0   0   0   0   0  10   0   0   0   0   0   0   0   0   0   0   0   0   0   0   0   0   0  10   0   0   0   0   0   0   0   0   0   0   0   0   0   0   0   0   0   0   0   0   0   1   1   6   5  31   5   6   6  55   4   4   4   2   2   1   0   4   2   1   0   1   2   2   1   0   0   0   0   0   0   1   0   2   0   0   0   0   0   0   0   0   0   0   0   0   0   0   0   0   0 |  cb = 211
   0   0   0   0   0   0   0   0   0   0   0   0   0   0   0   0   0   0   0   0   0   0   0   0   0   0   1   0   4   0   0   0   1   0   0   0   0   0   0   0   0   0   0   0   0   0   0   0   0   0   0   0   0   1   0   0   0   0   0   0   0  10   0   0   0   0   0   0   0   2   0   0   0   4   1  10   3   2   1  10  64   2   0   2   0   4   2   3   0   0   0   1  15   1   3   0   0   0   0   0   0   2   0   0   0   0   0   0   0   0   0   0   0   0   0   0   0   0   0   0   0 |  cc = 212
   0   0   0   0   0   0   0   0   0   0   0   0   0   0   0   0   0   0   0   0   0   0   0   0   0   0   0   0   0   0   0   5   0   0   0   0   0   0   0   0   0   0   0   0   0   0   0   0   0   0   0   0   4   0   0   0   0   0   0   0   0   0   0   0   0   0   0   0   0   1   5   0   4   1   3   0   1   9   3   3   4  66   1   8   1   1   0   6   0   2   2   3   1   0   1   1   0   0   0   0   0   1   0   1   1   0   0   0   0   0   0   0   0   0   0   0   0   0   0   0   0 |  cd = 213
   0   0   0   0   0   0   0   0   0   0   0   0   0   0   0   0   0   0   0   0   0   0   0   0   0   0   0   0   3   2   0  11   0   0   0   0   0   0   0   0   0   0   0   0   0   0   0   0   0  22   0   0   1   0   0   0   0   0   0   0   0   0   0   0   0   0   0   0   0  10   6   4   3   5   4  22   5   1   0   0   2   3  92   5   2   3   6   1   0   0   4   1   5   0   0   0   2   0   0   0   0   0   3   0   2   0   0   0   0   0   0   0   0   0   0   0   0   0   0   0   0 |  ce = 214
   0   0   0   0   0   0   0   0   0   0   0   0   0   0   0   0   0   0   0   0   0   0   0   0   0   0   0   0   0   1   0   0   0   0   0   0   0   0   0   0   0   0   0   0   0   0   0   0   0  10   0   3   0   0   0   0   6   0   0   0   0   0   0   0   0   0   0   2   0   8   1   3   1   0   0  10   3   0   0   0   0   3   2  44   8   3   1   1   0   0   0  15   9   0   1   0   2   0   1   0   0   2   2   1   3   0   0   0   0   0   0   0   1   0   0   0   0   0   0   0   0 |  cf = 215
   0   0   0   0   0   0   0   0   0   0   0   0   0   0   0   0   0   0   0   0   0   0   0   0   0   1   1   0   1   3   0   0   0   0   0   0   0   0   0   0   0   0   0   0   0   0   0   0   0   5   0   0   1   0   0   0  22   0   4   0   0   3   0   0   0   0   0   0   0  15   4   4   0   0  11   5   5   0   2   1   2   3   4  10  68   8   9   5   1   0   2   6  17   0   2   0   2   0   1   1   2   0   3   2   1   0   4   0   0   0   1   0   0   0   0   0   2   0   0   0   0 |  cg = 216
   0   0   0   0   0   0   0   0   1   0   0   0   0   0   0   2   0   0   0   0   0   0   0   0   0   0   0   0   0   0   0  10   0   1   0   0   0   0   0   0   0   0   0   0   0   0   0   0   0   0   0   3   0   0   0   0   0   0   0   0   0   1   0   0   0   0   0   0   0  26   1   1   0   0   2   3   6   0   0   6   0   0   1  12   8  98   4   0   2   0   0   7  10   0   3   0   1   1   0   0   1   0   0   3   1   0   0   0   0   1   0   0   0   0   0   0   0   0   0   0   0 |  ch = 217
   0   0   0   0   0   0   0   0   0   0   0   0   0   0   0   0   0   0   0   0   0   0   0   0   0   0   0   0   0   7   0   0   0   0   0   0   0   0   0   0   0   0   0   0   0   0   0   0   0   0   0   5   1   0   0   0   0   0   0   0   0   0   0   0   0   0   0   0   0   9   1   2   3   1   0   0   0   1   0   0   0   1   0   3   3  16  69  12   0   0   6   0  21   1   3   0   0   1   0   0   0   0   1   0   1   0   0   0   0   0   0   0   0   0   0   0   0   0   0   0   0 |  ci = 218
   0   0   0   0   0   0   0   0   0   0   0   0   0   0   0   0   0   0   0   0   0   0   0   0   0   3   0   0   0   0   0   0   0   0   0   0   0   0   0   0   0   0   0   0   0   0   0   0   0   0   0   4   0   0   0   0   0   0   0   0   0   0   0   0   0   0   0   0   0  11   1   0   1   4   0   0   1   0   0   1   1   6   1   0   2   9  11  51   5   3  11   4  10   0   5   0   0   1   2   0   0   0   0   0   0   0   0   0   0   0   0   0   0   0   0   0   0   0   0   0   0 |  cj = 219
   0   0   0   0   0   0   0   0   0   0   0   0   0   0   0   0   0   0   0   0   0   0   0   0   0   0   0   0   0   1   0   5   0   0   0   0   0   0   0   0   0   0   0   0   0   0   0   0   0   0   0  10   2   1   0   0   0   0   3   0   0   0   0   0   0   0   0   0   0  22   1   0   0  10   1   0   3   3   0   1   1   4   2   0   3   0   0   8  38   5   1   5   3   1   4   1   0   0   0   0   1   0   0   0   0   0   0   0   0   0   0   1   0   0   0   0   0   0   0   0   0 |  ck = 220
   0   0   0   0   0   0   0   0   0   0   0   0   0   0   0   0   0   0   0   0   0   0   0   0   0   0   0   0   0   2   0   0   0   0   0   0   0   0   0   0   0   0   0   0   0   0   0   0   0   0   0  10   5   0   3   0   0   0   0   0   0   0   0   0   0   0   0   0   0   0   0   0   0   1   0   1   1   1   3   2   0   1   0   0   0   0   1   1   2  21   5  11  11   4   0   0   0   3   1   0   0   0   0   0   0   0   0   0   0   0   0   0   0   0   0   0   0   0   0   0   0 |  cl = 221
   0   0   0   0   0   0   0   0   0   0   0   0   0   0   0   0   0   0   0   0   0   0   0   0   0   0   0   0   0   5   0   0   0   0   0   0   0   0   0   0   0   0   0   0   0   0   0   0   0   0   0   2   2   0   0   0  26   0   0   0   0   0   0   0   0   0   0   0   0  21   0   0   1   4   0   0   2   1   1   2   0   1   1   7   2   0   2   2   2   3  59   9   1   1   4   0   3   2   0   0   0   0   1   0   0   0   1   0   0   0   0   0   1   0   0   0   0   0   0   0   0 |  cm = 222
   0   0   0   0   0   0   0   0   0   0   0   0   0   0   0   0   0   0   0   0   0   0   0   0   0   0   0   0   0   1   0   0   0   0   0   0   0   0   0   0   0   0   0   0   0   0   0   0   0   0   0   0   1   0   0   0   0   0   0   0   0   0   0   0   0   0   0   0   0   0   0   0   0   1   1   1   2   4   0   2   3   1   1   2   3   0   0   0   3   6   2  58  15   4   0   0   1   0   0   0   0   0   0   0   0   0   0   0   0   0   0   0   0   0   0   3   0   0   0   0   0 |  cn = 223
   0   0   0   0   0   0   0   0   0   0   0   0   0   0   0   0   0   0   0   0   0   0   0   0   0   0   0   0   0   5   0   0   0   0   0   0   0   0   0   0   0   0   0   0   0   0   0   0   0   0   0   1   4   0   0   0   0   0   0   0   0   2   0   0   0   0   0   0   0  20   0   0   0   4   0   0   3   3   0   0   0   0   1   4   1   0   0   0   6   1   5   8  87   2   1   0   5   0   0   3   0   4   0   2   0   0   0   0   0   0   0   1   0   0   0   0   0   0   0   0   0 |  co = 224
   0   0   0   0   0   0   0   0   0   0   0   0   0   3   0   0   0   0   0   0   0   0   0   0   0   0   0   0   0   4   0   0   0   0   0   0   0   0   0   0   0   0   0   0   0   0   0   0   0   0   0  10   2   0   1   0   0   0   0   0   0   0   0   0   0   0   0   0   0   9   0   0   0   2   0   0   4   1   0   1   1   0   2   1   0   0   0   1   5   4   1  14  15  44   2   0   1   0   1   0   0   0   0   0   0   0   0   0   0   0   0   0   0   0   0   0   0   0   0   0   0 |  cp = 225
   0   0   0   0   0   0   0   0   0   0   0   0   0   0   0   0   0   0   0   0   0   0   0   0   0   0   0   0   0   0   0   0   0   0   0   0   0   0   0   0   0   0   0   0   0   0   0   0   0   0   0   4   0   1   0   0   0   0   0   0   0   0   0   0   0   0   0   0   0  13   0   0   0   4   0   0   3   2   0   0   2   5   2   2   0   0   3   4   0   4   8   4   3   2  32   0   3   6   1   0   0   0   0   0   0   0   0   0   0   0   0   0   0   0   0   0   0   0   0   0   0 |  cq = 226
   0   0   0   0   0   0   0   0   0   0   0   0   0   0   0   0   0   0   0   0   0   0   0   0   0   0   0   0   0   6   0   1   0   0   0   0   0   0   0   0   0   0   0   0   0   0   0   0   0   0   0   9   1   0   0   0   7   1   0   0   0   0   0   0   0   0   0   0   0   9   0   1   1   1   2   4   0   1   0   0   0   4   1   0   3   0   1   3   2   1   1  11   1   4   7  17   4   3   3   0   1   0   1   1   1   3   0   1   0   0   0   0   0   0   0   0   0   0   0   0   0 |  cr = 227
   0   0   0   0   0   0   0   0   0   0   0   0   0   0   0   0   0   0   0   0   0   0   0   0   0   0   0   0   0   0   0   0   0   0   0   0   0   0   0   0   0   0   0   0   0   0   0   0   0   0   0   0   1   0   0   0   3   0   0   0   0   0   0   0   0   0   0   0   0   3   4   0   0   0   4   0   1   0   0   0   1   2   0   3   1   1   0   0   0   4   1   2   2   0   0   2  38   8   2   0   0   0   0   5   0   3   2   1   0   0   0   0   1   0   4   0   0   0   0   0   0 |  cs = 228
   0   0   0   0   0   0   0   0   0   0   0   0   0   0   0   0   0   0   0   0   0   0   0   0   0   0   0   0   0   1   0   0   0   0   0   0   0   0   0   0   0   0   0   0   0   0   0   0   0   0   0   1   0   0   0   0   2   0   0   0   0   0   0   0   0   0   0   0   0   0   1   0   0   0   0   0   2   0   1   0   0   0   0   2   6   1   0   0   2   3   2   9   1   2   3   1   3  51   7   2   0   0   2   3   0   0   5   3   0   1   0   0   1   0   0   0   0   0   0   0   0 |  ct = 229
   0   0   0   0   0   0   0   0   0   0   0   0   0   0   0   0   0   0   0   0   0   0   0   0   0   1   0   0   0   1   0   1   0   0   0   0   0   0   0   0   0   0   0   0   0   0   0   0   0   0   0   0   0   0   0   0   2   0   0   0   0   0   0   0   0   0   0   0   0   0   0   1   0   1   0   1   2   0   0   1   0   0   0   1   0   0   0   4   0   1   0   3   7   2   2   4   3  15  51   7   2   0   0   2   3   0   5   0   0   3   0   0   2   0   0   1   0   0   0   0   0 |  cu = 230
   0   0   0   0   0   0   0   0   0   0   0   0   0   0   0   0   0   0   0   0   0   0   0   0   0   0   0   0   0   0   0   0   1   0   0   0   0   0   0   0   0   0   0   0   0   0   0   0   0   0   0   1   1   0   0   0  12   0   0   0   0   0   0   0   0   0   0   0   0   0   0   0   0   0   0   0   1   0   0   0   0   0   1   0   0   0   0   0   3   0   1   8   3   0   0   0   0   5   4  62   0   2   0   0   0   0   4   0   0   0   0   0   1   0   0   0   0   0   0   0   0 |  cv = 231
   0   0   0   0   0   0   0   0   0   0   0   0   0   0   0   0   0   0   0   0   0   0   0   0   0   0   0   0   0   0   0   0   0   0   0   0   0   0   0   0   0   0   0   0   0   0   0   0   0   0   0   0   0   0   0   0   0   0   0   0   0   0   0   0   0   0   0   0   0   0   1   0   1   0   0   0   0   0   0   0   0   0   0   0   0   0   0   1   3   0   1   0   0   0   0   0   0   0   4   6  13   2   0   2   2   0   0   0   0   0   0   0   1   0   2   0   0   0   0   0   0 |  cw = 232
   0   0   0   0   0   0   0   0   0   0   0   0   0   0   0   0   0   0   0   0   0   0   0   0   0   0   0   0   0   0   0   0   0   0   0   0   0   0   0   0   0   0   0   0   0   0   0   0   0   0   0   0   0   0   0   0   0   0   0   0   0   0   0   0   0   1   0   0   0   2   5   0   1   1   0   0   1   1   1   0   2   1   0   1   0   0   1   0   1   0   3   4   0   0   0   1   0   0   0   0   3  13   4   6   2   0   5   0   0   0   0   0   0   0   0   0   0   0   0   0   0 |  cx = 233
   0   0   0   0   0   0   0   0   0   0   0   0   0   0   0   0   0   0   0   0   0   0   0   0   0   0   0   0   0   0   0   0   0   0   0   0   0   0   0   0   0   0   0   0   1   0   0   0   0   0   0   0   0   0   0   0   0   0   0   0   0   0   0   0   0   1   0   0   0   1   8   3   2   0   1   0   1   0   0   1   0   1   8   1   3   2   3   1   1   0   5   3   1   0   0   0   5   0   0   0   3   5  32   4   0   0   0   1   0   0   0   0   0   0   1   0   0   0   0   0   0 |  cy = 234
   0   0   0   0   0   0   0   0   0   0   0   0   0   0   0   0   0   0   0   0   0   0   0   0   0   0   0   0   0   0   0   0   0   0   0   0   0   0   0   0   0   0   0   0   0   0   0   0   0   0   0   0   0   0   0   0   2   0   0   0   0   0   0   0   0   0   0   0   0  11   0   2   2   0   4   0   1   1   0   1   0   0   2   5   3   0   0   1   0   0   1   1   2   0   2   0   2   1   6   4   0   0   0  63   2   0   0   1   0   0   0   0   0   0   1   0   0   0   0   0   0 |  cz = 235
   0   0   0   0   0   0   0   0   0   0   0   0   0   0   0   0   0   0   0   0   0   0   0   0   0   0   0   0   0   0   0   0   0   0   0   0   0   0   0   0   0   0   0   1   1   0   0   0   0   0   0   0   0   0   0   0   0   0   0   0   0   0   0   0   0   0   0   0   0   0   1   2   0   0   1   0   0   1   0   0   0   0   1   1   0   3   1   0   1   0   1   0   0   0   0   0   2   0   4   0   0   0   1   4  45   0   0   1   0   0   0   4   0   0   4   0   0   0   0   0   0 |  da = 236
   0   0   0   0   0   0   0   0   0   0   0   0   0   0   0   0   0   0   0   0   0   0   0   0   0   0   0   0   0   0   0   0   0   0   0   0   0   0   0   0   0   0   0   0   0   0   0   0   0   0   0   0   2   0   0   0   2   0   0   0   0   0   0   0   0   0   0   0   0  24   3   0   0   0   3   0   0   0   0   0   0   4   0   5   1   0   0   0   0   0   4   3   1   0   1   0   1   0   2   0   5   3   0   4   0   4   3   3   0   0   0   0   0   0   2   0   0   0   0   0   0 |  db = 237
   0   0   0   0   0   0   0   0   0   0   0   0   0   0   0   0   0   0   0   0   0   0   0   0   0   0   0   0   0   0   0   0   0   0   0   0   0   0   0   0   0   0   0   1   1   0   0   0   0   0   0   0   0   0   0   0   6   0   0   0   0   0   0   0   0   1   0   0   0   9   0   0   0   0   0   0   0   0   0   0   0   0   0   0   0   0   0   0   0   0   0   0   0   0   0   5   0   2   1   0   2   1   0   3   4   2  16   0   0   0   0   0   5   0   0   0   0   0   0   0   0 |  dc = 238
   0   0   0   0   0   0   0   0   0   0   0   0   0   0   0   0   0   0   0   0   0   0   0   0   0   0   0   0   0   0   0   0   0   0   0   0   0   0   0   0   0   0   0   0   1   0   0   0   0   0   0   0   0   0   0   0   0   0   0   0   0   0   0   0   0   3   0   0   0  10   0   0   0   0   0   0   0   0   0   0   0   0   0   0   0   0   0   0   0   0   0   0   0   0   0   2   0   0   1   0   0   3   0   1   1   2   0  10   0   0   0   0   6   0   0   0   0   0   0   0   0 |  dd = 239
   0   0   0   0   0   0   0   0   0   0   0   0   0   0   0   0   0   0   0   0   0   0   0   0   0   0   0   0   0   0   0   0   0   0   0   0   0   0   0   0   0   0   0   0   0   0   0   0   0   0   0   0   0   0   0   0   0   0   0   0   0   0   0   0   0   0   0   0   0   0   0   0   0   0   0   0   0   0   0   0   0   0   0   0   0   0   0   0   0   0   0   0   0   0   0   0   0   0   0   0   0   0   0   0   0   0   0   0  16   2   2   0   0   0   0   0   0   0   0   0   0 |  de = 240
   0   0   0   0   0   0   0   0   0   0   0   0   0   0   0   0   0   0   0   0   0   0   0   0   0   0   0   0   0   0   0   0   0   0   0   0   0   0   0   0   0   0   0   0   0   0   0   0   0   0   0   0   0   0   0   0   0   0   0   0   0   0   0   0   0   0   0   0   0   0   0   0   0   0   0   0   0   0   0   0   0   0   0   0   0   1   0   0   0   0   0   0   0   0   0   0   0   1   0   1   0   0   0   1   0   0   0   0   4  42   4   1   0   0   0   0   0   0   0   0   0 |  df = 241
   0   0   0   0   0   0   0   0   0   0   0   0   0   0   0   0   0   0   0   0   0   0   0   0   0   0   0   0   0   0   0   0   0   0   0   0   0   0   0   0   0   0   0   0   0   0   0   0   0   0   0   0   0   0   0   0   0   0   0   0   0   0   0   0   0   0   0   0   0   0   0   0   0   0   0   0   0   0   0   0   0   0   0   0   0   0   0   0   0   0   0   0   0   0   0   0   0   0   0   0   1   0   0   0   2   0   0   0   0   5  22   0   0   0   0   0   0   0   0   0   0 |  dg = 242
   0   0   0   0   0   0   0   0   0   0   0   0   0   0   0   0   0   0   0   0   0   0   0   0   0   0   0   0   0   0   0   0   0   0   0   0   0   0   0   0   0   0   0   0   0   0   0   0   0   0   0   0   0   0   0   0   7   0   0   0   0   0   0   0   0   0   0   0   0   9   0   0   0   0   0   0   0   0   0   0   0   0   0   0   0   0   0   0   0   0   0   0   0   0   0   0   0   0   0   0   0   0   0   0   5   0   2   0   2   1   1  21   1   0   0   0   0   0   0   0   0 |  dh = 243
   0   0   0   0   0   0   0   0   0   0   0   0   0   0   0   0   0   0   0   0   0   0   0   0   0   0   0   0   0   0   0   0   0   0   0   0   0   0   0   0   0   0   0   0   1   0   0   0   0   0   0   0   0   0   0   0  22   0   0   0   0   0   0   0   0   0   0   0   0  20   0   0   0   0   0   0   0   0   0   0   0   0   0   0   0   0   0   0   0   0   0   0   0   0   0   0   0   0   0   0   0   0   0   0   1   0   2   0   4   0   0   6  14   0   0   0   0   0   0   0   0 |  di = 244
   0   0   0   0   0   0   0   0   0   0   0   0   0   0   0   0   0   0   0   0   0   0   0   0   0   0   0   0   0   0   0   0   0   0   0   0   0   0   0   0   0   0   0   1   4   0   0   0   0   0   0   0   0   0   0   0   4   0   0   0   0   0   0   0   0   2   0   0   0  10   0   0   0   0   0   0   0   0   0   0   0   0   0   0   0   0   0   0   0   0   0   0   0   0   0   0   0   0   0   0   0   0   0   1   6   0   5   1   0   0   0   0   4   0   2   0   0   0   0   0   0 |  dj = 245
   0   0   0   0   0   0   0   0   0   0   0   0   0   0   0   0   0   0   0   0   0   0   0   0   0   0   0   0   0   0   0   0   0   0   0   0   0   0   0   0   0   0   0   0   2   0   0   0   0   0   0   0   0   0   0   0   5   0   0   0   0   0   0   0   0   0   0   0   0   9   0   0   0   0   0   0   0   0   0   0   0   0   0   0   0   1   0   0   0   0   0   0   0   0   0   0   0   2   1   0   0   2   0   1   0   0   2   1   0   0   0   0   1   0  12   1   0   0   0   0   0 |  dk = 246
   0   0   0   0   0   0   0   0   0   0   0   0   0   0   0   0   0   0   0   0   0   0   0   0   0   0   0   0   0   0   0   0   0   0   0   0   0   0   0   0   0   0   0   0   0   0   0   0   0   0   0   1   0   0   0   0   0   0   0   0   0   0   0   0   0   0   0   0   0   0  34   0   0   0   0   0   0   0   1   0   0   0   0   0   0   0   0   0   0   0   0   4   0   0   2   0   0   0   0   0   0   0   0   0   0   0   0   0   0   0   0   0   0   0   0  58   0   0   0   0   0 |  dl = 247
   0   0   0   0   0   0   0   0   0   0   0   0   0   0   0   0   0   0   0   0   0   0   0   0   0   0   0   0   0   0   0   0   0   0   0   0   0   0   0   0   0   0   0   0   0   0   0   0   0   0   0   9   0   0   0   0  16   0   0   0   0   0   0   0   0   0   0   0   0   9   1   9   0   0   0   3   0   0   2   0   0   5   0   0   4   0   0   0   0   0   0  10   0   0   0   0   0   0   0   0   0   0   0   0   0   0   0   0   0   0   0   0   0   0   0   5  37   0   0   0   0 |  dm = 248
   0   0   0   0   0   0   0   0   0   0   0   0   0   0   0   0   0   0   0   0   0   0   0   0   0   0   0   0   0   0   0   0   0   0   0   0   0   0   0   0   0   0   0   0   0   0   0   0   0   0   0   0   0   0   0   0   4   0   0   0   0   0   0   0   0   0   0   0   0  13   3   3   0   0   2   0   0   0   0   0   0   0   0   0   0   0   0   0   0   0   0   0   0   0   0   0   0   2   2   0   0   0   0   0   0   0   1   0   0   0   0   0   0   0   0   0   0   0   0   0   0 |  dn = 249
   0   0   0   0   0   0   0   0   0   0   0   0   0   0   0   0   0   0   0   0   0   0   0   0   0   0   0   0   0   0   0   0   0   0   0   0   0   0   0   0   0   0   0   0   0   0   0   0   0   0   0   4   0   0   0   0   0   0   0   0   0   0   0   0   0   0   0   0   0   0   0   0   0   0   0   0   0   0   0   0   0   0   0   0   0   0   0   0   0   0   0   8   0   0   2   0   0   6   0   0   0   0   0   0   0   0   0   0   0   0   0   0   0   0   0   0   0   0   0   0   0 |  do = 250
   0   0   0   0   0   0   0   0   0   0   0   0   0   0   0   0   0   0   0   0   0   0   0   0   0   0   0   0   0   0   0   0   0   0   0   0   0   0   0   0   0   0   0   0   0   0   0   0   0   0   0   3   0   0   0   0   0   0   0   0   0   0   0   0   0   0   0   0   0   0   0   0   0   0   0   0   0   0   0   0   0   0   0   0   0   0   0   0   0   0   0   0   0   0   0   0   0   0   0   0   0   0   0   0   0   0   0   0   0   0   0   0   0   0   0   0   0   0   0  17   0 |  dp = 253
   0   0   0   0   0   0   0   0   0   0   0   0   0   0   0   0   0   0   0   0   0   0   0   0   0   0   0   0   0   0   0   0   0   0   0   0   0   0   0   0   0   0   0   0   0   0   0   0   0   0   0   0   0   0   0   0   0   0   0   0   0   0   0   0   0   0   0   0   0   0   0   0   0   0   0   0   0   0   0   0   0   0   0   0   0   0   0   0   0   0   0   0   0   0   0   0   0   0   0   0   0   0   0   0   0   0   0   0   0   0   0   0   0   0   0   0   0   0   0   4   6 |  dq = 254

